Beijing MEC Simulation Configuration (30 servers)
======================================================================

Tier  6 servers:
  degree range      : 2-5 (avg 3.67)
  fully connected    : True
  matrix symmetric   : True
  matrix diag == 0   : True
  edge count         : 11
neighbors
{0: [1, 2, 3, 4], 1: [0, 2, 3, 4, 5], 2: [0, 1, 3, 5], 3: [0, 1, 2, 4], 4: [0, 1, 3], 5: [1, 2]}
matrix
[[0, 8600, 6700, 3700, 1300, 0], [8600, 0, 6300, 3200, 1600, 500], [6700, 6300, 0, 3200, 0, 500], [3700, 3200, 3200, 0, 1500, 0], [1300, 1600, 0, 1500, 0, 0], [0, 500, 500, 0, 0, 0]]
deg
[4, 5, 4, 4, 3, 2]
con
True
sim
True
diag
True

Tier 12 servers:
  degree range      : 2-5 (avg 3.33)
  fully connected    : True
  matrix symmetric   : True
  matrix diag == 0   : True
  edge count         : 20
neighbors
{0: [1, 2, 6, 7, 9], 1: [0, 2, 6, 8, 10], 2: [0, 1, 8, 9], 3: [4, 7], 4: [3, 5], 5: [4, 11], 6: [0, 1, 7, 8, 10], 7: [0, 3, 6, 9], 8: [1, 2, 6], 9: [0, 2, 7], 10: [1, 6, 11], 11: [5, 10]}
matrix
[[0, 8600, 6700, 0, 0, 0, 9500, 4400, 0, 4900, 0, 0], [8600, 0, 6300, 0, 0, 0, 9500, 0, 2900, 0, 2100, 0], [6700, 6300, 0, 0, 0, 0, 0, 0, 5200, 1200, 0, 0], [0, 0, 0, 0, 1500, 0, 0, 3200, 0, 0, 0, 0], [0, 0, 0, 1500, 0, 500, 0, 0, 0, 0, 0, 0], [0, 0, 0, 0, 500, 0, 0, 0, 0, 0, 0, 500], [9500, 9500, 0, 0, 0, 0, 0, 4000, 2800, 0, 1700, 0], [4400, 0, 0, 3200, 0, 0, 4000, 0, 0, 3600, 0, 0], [0, 2900, 5200, 0, 0, 0, 2800, 0, 0, 0, 0, 0], [4900, 0, 1200, 0, 0, 0, 0, 3600, 0, 0, 0, 0], [0, 2100, 0, 0, 0, 0, 1700, 0, 0, 0, 0, 700], [0, 0, 0, 0, 0, 500, 0, 0, 0, 0, 700, 0]]
deg
[5, 5, 4, 2, 2, 2, 5, 4, 3, 3, 3, 2]
con
True
sim
True
diag
True

Tier 18 servers:
  degree range      : 2-5 (avg 3.33)
  fully connected    : True
  matrix symmetric   : True
  matrix diag == 0   : True
  edge count         : 30
neighbors
{0: [1, 6, 7, 12, 13], 1: [0, 2, 6, 12, 15], 2: [1, 8, 9, 12], 3: [4, 7], 4: [3, 5], 5: [4, 11], 6: [0, 1, 12, 13, 14], 7: [0, 3, 9], 8: [2, 10, 17], 9: [2, 7, 12], 10: [8, 11, 17], 11: [5, 10], 12: [0, 1, 2, 6, 9], 13: [0, 6, 14, 16], 14: [6, 13, 15, 16], 15: [1, 14, 16], 16: [13, 14, 15], 17: [8, 10]}
matrix
[[0, 8600, 0, 0, 0, 0, 9500, 4400, 0, 0, 0, 0, 9200, 7600, 0, 0, 0, 0], [8600, 0, 6300, 0, 0, 0, 9500, 0, 0, 0, 0, 0, 8700, 0, 0, 4500, 0, 0], [0, 6300, 0, 0, 0, 0, 0, 0, 5200, 1200, 0, 0, 8000, 0, 0, 0, 0, 0], [0, 0, 0, 0, 1500, 0, 0, 3200, 0, 0, 0, 0, 0, 0, 0, 0, 0, 0], [0, 0, 0, 1500, 0, 500, 0, 0, 0, 0, 0, 0, 0, 0, 0, 0, 0, 0], [0, 0, 0, 0, 500, 0, 0, 0, 0, 0, 0, 500, 0, 0, 0, 0, 0, 0], [9500, 9500, 0, 0, 0, 0, 0, 0, 0, 0, 0, 0, 8700, 7900, 8000, 0, 0, 0], [4400, 0, 0, 3200, 0, 0, 0, 0, 0, 3600, 0, 0, 0, 0, 0, 0, 0, 0], [0, 0, 5200, 0, 0, 0, 0, 0, 0, 0, 1400, 0, 0, 0, 0, 0, 0, 800], [0, 0, 1200, 0, 0, 0, 0, 3600, 0, 0, 0, 0, 4800, 0, 0, 0, 0, 0], [0, 0, 0, 0, 0, 0, 0, 0, 1400, 0, 0, 700, 0, 0, 0, 0, 0, 700], [0, 0, 0, 0, 0, 500, 0, 0, 0, 0, 700, 0, 0, 0, 0, 0, 0, 0], [9200, 8700, 8000, 0, 0, 0, 8700, 0, 0, 4800, 0, 0, 0, 0, 0, 0, 0, 0], [7600, 0, 0, 0, 0, 0, 7900, 0, 0, 0, 0, 0, 0, 0, 7900, 0, 5700, 0], [0, 0, 0, 0, 0, 0, 8000, 0, 0, 0, 0, 0, 0, 7900, 0, 4700, 6000, 0], [0, 4500, 0, 0, 0, 0, 0, 0, 0, 0, 0, 0, 0, 0, 4700, 0, 4300, 0], [0, 0, 0, 0, 0, 0, 0, 0, 0, 0, 0, 0, 0, 5700, 6000, 4300, 0, 0], [0, 0, 0, 0, 0, 0, 0, 0, 800, 0, 700, 0, 0, 0, 0, 0, 0, 0]]
deg
[5, 5, 4, 2, 2, 2, 5, 3, 3, 3, 3, 2, 5, 4, 4, 3, 3, 2]
con
True
sim
True
diag
True

Tier 30 servers:
  degree range      : 2-5 (avg 3.20)
  fully connected    : True
  matrix symmetric   : True
  matrix diag == 0   : True
  edge count         : 48
neighbors
{0: [6, 7, 12, 13, 24], 1: [6, 15, 22, 23, 24], 2: [8, 12, 21, 26], 3: [4, 9, 18], 4: [3, 18, 20], 5: [10, 27], 6: [0, 1, 13, 14, 23], 7: [0, 24, 25], 8: [2, 17, 26], 9: [3, 19, 24], 10: [5, 20, 29], 11: [28, 29], 12: [0, 2, 21, 22, 24], 13: [0, 6, 14, 16], 14: [6, 13, 16, 23], 15: [1, 16, 25], 16: [13, 14, 15], 17: [8, 26], 18: [3, 4, 25], 19: [9, 27], 20: [4, 10], 21: [2, 12, 22], 22: [1, 12, 21], 23: [1, 6, 14], 24: [0, 1, 7, 9, 12], 25: [7, 15, 18], 26: [2, 8, 17], 27: [5, 19], 28: [11, 29], 29: [10, 11, 28]}
matrix
[[0, 0, 0, 0, 0, 0, 9500, 4400, 0, 0, 0, 0, 9200, 7600, 0, 0, 0, 0, 0, 0, 0, 0, 0, 0, 10000, 0, 0, 0, 0, 0], [0, 0, 0, 0, 0, 0, 9500, 0, 0, 0, 0, 0, 0, 0, 0, 4500, 0, 0, 0, 0, 0, 0, 5800, 6000, 8300, 0, 0, 0, 0, 0], [0, 0, 0, 0, 0, 0, 0, 0, 5200, 0, 0, 0, 8000, 0, 0, 0, 0, 0, 0, 0, 0, 3000, 0, 0, 0, 0, 4700, 0, 0, 0], [0, 0, 0, 0, 1500, 0, 0, 0, 0, 500, 0, 0, 0, 0, 0, 0, 0, 0, 2400, 0, 0, 0, 0, 0, 0, 0, 0, 0, 0, 0], [0, 0, 0, 1500, 0, 0, 0, 0, 0, 0, 0, 0, 0, 0, 0, 0, 0, 0, 1600, 0, 800, 0, 0, 0, 0, 0, 0, 0, 0, 0], [0, 0, 0, 0, 0, 0, 0, 0, 0, 0, 500, 0, 0, 0, 0, 0, 0, 0, 0, 0, 0, 0, 0, 0, 0, 0, 0, 500, 0, 0], [9500, 9500, 0, 0, 0, 0, 0, 0, 0, 0, 0, 0, 0, 7900, 8000, 0, 0, 0, 0, 0, 0, 0, 0, 5900, 0, 0, 0, 0, 0, 0], [4400, 0, 0, 0, 0, 0, 0, 0, 0, 0, 0, 0, 0, 0, 0, 0, 0, 0, 0, 0, 0, 0, 0, 0, 4300, 3900, 0, 0, 0, 0], [0, 0, 5200, 0, 0, 0, 0, 0, 0, 0, 0, 0, 0, 0, 0, 0, 0, 800, 0, 0, 0, 0, 0, 0, 0, 0, 4400, 0, 0, 0], [0, 0, 0, 500, 0, 0, 0, 0, 0, 0, 0, 0, 0, 0, 0, 0, 0, 0, 0, 500, 0, 0, 0, 0, 5200, 0, 0, 0, 0, 0], [0, 0, 0, 0, 0, 500, 0, 0, 0, 0, 0, 0, 0, 0, 0, 0, 0, 0, 0, 0, 500, 0, 0, 0, 0, 0, 0, 0, 0, 2300], [0, 0, 0, 0, 0, 0, 0, 0, 0, 0, 0, 0, 0, 0, 0, 0, 0, 0, 0, 0, 0, 0, 0, 0, 0, 0, 0, 0, 600, 900], [9200, 0, 8000, 0, 0, 0, 0, 0, 0, 0, 0, 0, 0, 0, 0, 0, 0, 0, 0, 0, 0, 3000, 5800, 0, 9400, 0, 0, 0, 0, 0], [7600, 0, 0, 0, 0, 0, 7900, 0, 0, 0, 0, 0, 0, 0, 7900, 0, 5700, 0, 0, 0, 0, 0, 0, 0, 0, 0, 0, 0, 0, 0], [0, 0, 0, 0, 0, 0, 8000, 0, 0, 0, 0, 0, 0, 7900, 0, 0, 6000, 0, 0, 0, 0, 0, 0, 5900, 0, 0, 0, 0, 0, 0], [0, 4500, 0, 0, 0, 0, 0, 0, 0, 0, 0, 0, 0, 0, 0, 0, 4300, 0, 0, 0, 0, 0, 0, 0, 0, 3600, 0, 0, 0, 0], [0, 0, 0, 0, 0, 0, 0, 0, 0, 0, 0, 0, 0, 5700, 6000, 4300, 0, 0, 0, 0, 0, 0, 0, 0, 0, 0, 0, 0, 0, 0], [0, 0, 0, 0, 0, 0, 0, 0, 800, 0, 0, 0, 0, 0, 0, 0, 0, 0, 0, 0, 0, 0, 0, 0, 0, 0, 800, 0, 0, 0], [0, 0, 0, 2400, 1600, 0, 0, 0, 0, 0, 0, 0, 0, 0, 0, 0, 0, 0, 0, 0, 0, 0, 0, 0, 0, 2800, 0, 0, 0, 0], [0, 0, 0, 0, 0, 0, 0, 0, 0, 500, 0, 0, 0, 0, 0, 0, 0, 0, 0, 0, 0, 0, 0, 0, 0, 0, 0, 600, 0, 0], [0, 0, 0, 0, 800, 0, 0, 0, 0, 0, 500, 0, 0, 0, 0, 0, 0, 0, 0, 0, 0, 0, 0, 0, 0, 0, 0, 0, 0, 0], [0, 0, 3000, 0, 0, 0, 0, 0, 0, 0, 0, 0, 3000, 0, 0, 0, 0, 0, 0, 0, 0, 0, 2800, 0, 0, 0, 0, 0, 0, 0], [0, 5800, 0, 0, 0, 0, 0, 0, 0, 0, 0, 0, 5800, 0, 0, 0, 0, 0, 0, 0, 0, 2800, 0, 0, 0, 0, 0, 0, 0, 0], [0, 6000, 0, 0, 0, 0, 5900, 0, 0, 0, 0, 0, 0, 0, 5900, 0, 0, 0, 0, 0, 0, 0, 0, 0, 0, 0, 0, 0, 0, 0], [10000, 8300, 0, 0, 0, 0, 0, 4300, 0, 5200, 0, 0, 9400, 0, 0, 0, 0, 0, 0, 0, 0, 0, 0, 0, 0, 0, 0, 0, 0, 0], [0, 0, 0, 0, 0, 0, 0, 3900, 0, 0, 0, 0, 0, 0, 0, 3600, 0, 0, 2800, 0, 0, 0, 0, 0, 0, 0, 0, 0, 0, 0], [0, 0, 4700, 0, 0, 0, 0, 0, 4400, 0, 0, 0, 0, 0, 0, 0, 0, 800, 0, 0, 0, 0, 0, 0, 0, 0, 0, 0, 0, 0], [0, 0, 0, 0, 0, 500, 0, 0, 0, 0, 0, 0, 0, 0, 0, 0, 0, 0, 0, 600, 0, 0, 0, 0, 0, 0, 0, 0, 0, 0], [0, 0, 0, 0, 0, 0, 0, 0, 0, 0, 0, 600, 0, 0, 0, 0, 0, 0, 0, 0, 0, 0, 0, 0, 0, 0, 0, 0, 0, 500], [0, 0, 0, 0, 0, 0, 0, 0, 0, 0, 2300, 900, 0, 0, 0, 0, 0, 0, 0, 0, 0, 0, 0, 0, 0, 0, 0, 0, 500, 0]]
deg
[5, 5, 4, 3, 3, 2, 5, 3, 3, 3, 3, 2, 5, 4, 4, 3, 3, 2, 3, 2, 2, 3, 3, 3, 5, 3, 3, 2, 2, 3]
con
True
sim
True
diag
True

Sample server record (ID 0):
  id          : 0
  name        : Beijing CBD
  district    : Chaoyang
  lat         : 39.9086
  lon         : 116.4568
  area_type   : CBD
  cpu_hz      : 100000000000.0
  memory_mb   : 65536
  coverage_km : 8
  desc        : Central Business District; dense office towers, highest compute demand from finance, media and enterprise apps.
